resources:
- resource: toolkit.conf
  path: toolkit.conf
  version: 0.45.1
  timestamp: 2024-06-25T16:08:24.886718Z
  size: 1149
  hash: 0899be8d524f3ef5d58bddd9f747fa5f
- resource: toolkit.conf
  path: toolkit.conf
  version: 0.45.1
  timestamp: 2024-06-25T17:38:29.308451Z
  size: 1149
  hash: 0899be8d524f3ef5d58bddd9f747fa5f
